camera_matrix:
- - 1339.3686045715651
  - 0.0
  - 942.101506160281
- - 0.0
  - 1343.6544047760071
  - 521.1441792884439
- - 0.0
  - 0.0
  - 1.0
dist_coeff:
- - -0.4440048023958437
  - 0.24237437428564923
  - 0.0005109883720488208
  - 0.0012667867911963478
  - -0.08038253936208961
